[0.3394626  0.38171772 0.85261645],[0.47539888 0.07711386 0.86649392],[0.48648122 0.65872684 0.98557749]
[0.74170059 0.04567347 0.64282421],[0.47539888 0.07711386 0.86649392],[0.54847131 0.03216142 0.02038579]
[0.67562822 0.39975002 0.11389683],[0.46814732 0.81130362 0.15162659],[0.94637198 0.89588636 0.43503134]
[0.08206145 0.46473344 0.65852365],[0.3394626  0.38171772 0.85261645],[0.48648122 0.65872684 0.98557749]
[0.08206145 0.46473344 0.65852365],[0.3394626  0.38171772 0.85261645],[0.47539888 0.07711386 0.86649392]
[0.1809504  0.93879998 0.31948865],[0.48648122 0.65872684 0.98557749],[0.94637198 0.89588636 0.43503134]
[0.1809504  0.93879998 0.31948865],[0.46814732 0.81130362 0.15162659],[0.94637198 0.89588636 0.43503134]
[0.1809504  0.93879998 0.31948865],[0.08206145 0.46473344 0.65852365],[0.48648122 0.65872684 0.98557749]
[0.79099867 0.21637747 0.17053128],[0.74170059 0.04567347 0.64282421],[0.54847131 0.03216142 0.02038579]
[0.79099867 0.21637747 0.17053128],[0.67562822 0.39975002 0.11389683],[0.54847131 0.03216142 0.02038579]
[0.75694269 0.32092462 0.80696991],[0.47539888 0.07711386 0.86649392],[0.48648122 0.65872684 0.98557749]
[0.75694269 0.32092462 0.80696991],[0.74170059 0.04567347 0.64282421],[0.47539888 0.07711386 0.86649392]
[0.43523362 0.6195252  0.08339116],[0.67562822 0.39975002 0.11389683],[0.54847131 0.03216142 0.02038579]
[0.43523362 0.6195252  0.08339116],[0.67562822 0.39975002 0.11389683],[0.46814732 0.81130362 0.15162659]
[0.43523362 0.6195252  0.08339116],[0.06154519 0.2983802  0.03074558],[0.54847131 0.03216142 0.02038579]
[0.04177924 0.13563636 0.16621925],[0.08206145 0.46473344 0.65852365],[0.0270371  0.34483688 0.1288077 ]
[0.04177924 0.13563636 0.16621925],[0.08206145 0.46473344 0.65852365],[0.47539888 0.07711386 0.86649392]
[0.04177924 0.13563636 0.16621925],[0.06154519 0.2983802  0.03074558],[0.0270371  0.34483688 0.1288077 ]
[0.04177924 0.13563636 0.16621925],[0.47539888 0.07711386 0.86649392],[0.54847131 0.03216142 0.02038579]
[0.04177924 0.13563636 0.16621925],[0.06154519 0.2983802  0.03074558],[0.54847131 0.03216142 0.02038579]
[0.06790588 0.56030696 0.11497597],[0.08206145 0.46473344 0.65852365],[0.0270371  0.34483688 0.1288077 ]
[0.06790588 0.56030696 0.11497597],[0.1809504  0.93879998 0.31948865],[0.08206145 0.46473344 0.65852365]
[0.06790588 0.56030696 0.11497597],[0.06154519 0.2983802  0.03074558],[0.0270371  0.34483688 0.1288077 ]
[0.06790588 0.56030696 0.11497597],[0.1809504  0.93879998 0.31948865],[0.46814732 0.81130362 0.15162659]
[0.06790588 0.56030696 0.11497597],[0.43523362 0.6195252  0.08339116],[0.46814732 0.81130362 0.15162659]
[0.06790588 0.56030696 0.11497597],[0.43523362 0.6195252  0.08339116],[0.06154519 0.2983802  0.03074558]
[0.76965475 0.36835965 0.17534687],[0.67562822 0.39975002 0.11389683],[0.94637198 0.89588636 0.43503134]
[0.76965475 0.36835965 0.17534687],[0.79099867 0.21637747 0.17053128],[0.94637198 0.89588636 0.43503134]
[0.76965475 0.36835965 0.17534687],[0.79099867 0.21637747 0.17053128],[0.67562822 0.39975002 0.11389683]
[0.93471448 0.33461774 0.62438368],[0.75694269 0.32092462 0.80696991],[0.74170059 0.04567347 0.64282421]
[0.93471448 0.33461774 0.62438368],[0.79099867 0.21637747 0.17053128],[0.94637198 0.89588636 0.43503134]
[0.93471448 0.33461774 0.62438368],[0.79099867 0.21637747 0.17053128],[0.74170059 0.04567347 0.64282421]
[0.93471448 0.33461774 0.62438368],[0.48648122 0.65872684 0.98557749],[0.94637198 0.89588636 0.43503134]
[0.93471448 0.33461774 0.62438368],[0.75694269 0.32092462 0.80696991],[0.48648122 0.65872684 0.98557749]
