[0.63043116 0.84632672 0.74613931],[0.15480091 0.64752084 0.95251097],[7.55857434e-06 7.07705465e-01 8.41667784e-01]
[0.63043116 0.84632672 0.74613931],[0.48671054 0.16548152 0.37855316],[0.86858328 0.60030917 0.03709318]
[0.63043116 0.84632672 0.74613931],[0.15480091 0.64752084 0.95251097],[0.48671054 0.16548152 0.37855316]
[0.06259236 0.16673662 0.46508152],[0.15480091 0.64752084 0.95251097],[7.55857434e-06 7.07705465e-01 8.41667784e-01]
[0.06259236 0.16673662 0.46508152],[0.15480091 0.64752084 0.95251097],[0.48671054 0.16548152 0.37855316]
[0.38679141 0.90982905 0.53150872],[0.63043116 0.84632672 0.74613931],[7.55857434e-06 7.07705465e-01 8.41667784e-01]
[0.38679141 0.90982905 0.53150872],[0.63043116 0.84632672 0.74613931],[0.86858328 0.60030917 0.03709318]
[0.64967684 0.6105543  0.04373988],[0.48671054 0.16548152 0.37855316],[0.86858328 0.60030917 0.03709318]
[0.64967684 0.6105543  0.04373988],[0.06259236 0.16673662 0.46508152],[0.48671054 0.16548152 0.37855316]
[0.64967684 0.6105543  0.04373988],[0.38679141 0.90982905 0.53150872],[0.86858328 0.60030917 0.03709318]
[0.0715302  0.71048647 0.48066105],[0.64967684 0.6105543  0.04373988],[0.38679141 0.90982905 0.53150872]
[0.0715302  0.71048647 0.48066105],[0.38679141 0.90982905 0.53150872],[7.55857434e-06 7.07705465e-01 8.41667784e-01]
[0.0715302  0.71048647 0.48066105],[0.64967684 0.6105543  0.04373988],[0.06259236 0.16673662 0.46508152]
[0.0715302  0.71048647 0.48066105],[0.06259236 0.16673662 0.46508152],[7.55857434e-06 7.07705465e-01 8.41667784e-01]
