[0.37924982 0.59758792 0.09341708],[0.36416708 0.24704035 0.01383783],[0.99753013 0.44119148 0.21558075]
[0.37924982 0.59758792 0.09341708],[0.23661154 0.72566401 0.10882769],[0.99753013 0.44119148 0.21558075]
[0.37924982 0.59758792 0.09341708],[0.23661154 0.72566401 0.10882769],[0.36416708 0.24704035 0.01383783]
[0.58426937 0.01250604 0.65332994],[0.37291409 0.05664486 0.50138127],[0.63556731 0.0098884  0.53120479]
[0.59338497 0.09121199 0.09714862],[0.36416708 0.24704035 0.01383783],[0.99753013 0.44119148 0.21558075]
[0.59338497 0.09121199 0.09714862],[0.83255372 0.09018452 0.24877026],[0.99753013 0.44119148 0.21558075]
[0.59338497 0.09121199 0.09714862],[0.37291409 0.05664486 0.50138127],[0.63556731 0.0098884  0.53120479]
[0.59338497 0.09121199 0.09714862],[0.83255372 0.09018452 0.24877026],[0.63556731 0.0098884  0.53120479]
[0.85616114 0.74447508 0.72839415],[0.87967263 0.61801539 0.79806844],[0.99753013 0.44119148 0.21558075]
[0.85616114 0.74447508 0.72839415],[0.63878125 0.97282691 0.4954237 ],[0.99753013 0.44119148 0.21558075]
[0.85616114 0.74447508 0.72839415],[0.87967263 0.61801539 0.79806844],[0.03708318 0.93513497 0.51978164]
[0.85616114 0.74447508 0.72839415],[0.63878125 0.97282691 0.4954237 ],[0.03708318 0.93513497 0.51978164]
[0.55387801 0.87953672 0.3069786 ],[0.23661154 0.72566401 0.10882769],[0.99753013 0.44119148 0.21558075]
[0.55387801 0.87953672 0.3069786 ],[0.63878125 0.97282691 0.4954237 ],[0.99753013 0.44119148 0.21558075]
[0.55387801 0.87953672 0.3069786 ],[0.23661154 0.72566401 0.10882769],[0.03708318 0.93513497 0.51978164]
[0.55387801 0.87953672 0.3069786 ],[0.63878125 0.97282691 0.4954237 ],[0.03708318 0.93513497 0.51978164]
[0.98085839 0.04152414 0.68999777],[0.87967263 0.61801539 0.79806844],[0.99753013 0.44119148 0.21558075]
[0.98085839 0.04152414 0.68999777],[0.83255372 0.09018452 0.24877026],[0.99753013 0.44119148 0.21558075]
[0.98085839 0.04152414 0.68999777],[0.83255372 0.09018452 0.24877026],[0.63556731 0.0098884  0.53120479]
[0.98085839 0.04152414 0.68999777],[0.58426937 0.01250604 0.65332994],[0.63556731 0.0098884  0.53120479]
[0.19787252 0.2191669  0.05701703],[0.59338497 0.09121199 0.09714862],[0.36416708 0.24704035 0.01383783]
[0.19787252 0.2191669  0.05701703],[0.37291409 0.05664486 0.50138127],[0.03708318 0.93513497 0.51978164]
[0.19787252 0.2191669  0.05701703],[0.23661154 0.72566401 0.10882769],[0.03708318 0.93513497 0.51978164]
[0.19787252 0.2191669  0.05701703],[0.23661154 0.72566401 0.10882769],[0.36416708 0.24704035 0.01383783]
[0.71100821 0.10530294 0.82380964],[0.98085839 0.04152414 0.68999777],[0.87967263 0.61801539 0.79806844]
[0.71100821 0.10530294 0.82380964],[0.98085839 0.04152414 0.68999777],[0.58426937 0.01250604 0.65332994]
[0.71100821 0.10530294 0.82380964],[0.87967263 0.61801539 0.79806844],[0.03708318 0.93513497 0.51978164]
[0.71100821 0.10530294 0.82380964],[0.37291409 0.05664486 0.50138127],[0.03708318 0.93513497 0.51978164]
[0.71100821 0.10530294 0.82380964],[0.58426937 0.01250604 0.65332994],[0.37291409 0.05664486 0.50138127]
[0.27833409 0.12899921 0.22144122],[0.59338497 0.09121199 0.09714862],[0.37291409 0.05664486 0.50138127]
[0.27833409 0.12899921 0.22144122],[0.19787252 0.2191669  0.05701703],[0.37291409 0.05664486 0.50138127]
[0.27833409 0.12899921 0.22144122],[0.19787252 0.2191669  0.05701703],[0.59338497 0.09121199 0.09714862]
